"x"
0.295228234932899
1.55659250274567
0.0286068304163748
0.890455168852628
4.16265718564928
3.75932017562726
1.53053254530831
1.27866177084882
0.0157952191726718
0.05067242669204
0.422253215690881
1.65268391300437
3.9974327673166
0.877817952787808
1.60108197686663
1.0048186637567
2.95814183723034
1.00054211992174
0.521808803491117
3.79392505005931
5.87488278662325
3.92042030933232
0.979713733971038
3.88946783750808
0.89821935634754
0.23036865769811
2.38382640383022
0.500688125802263
1.30942467563551
2.86268819979933
1.43424620562688
1.4447860163229
2.74327804307561
0.51277655464022
4.58866333721389
1.55456152096115
2.62442305495662
3.31906250627775
1.81294280920658
1.52870932729909
0.181449886186067
1.1017144432704
2.48579846638197
2.69586219733258
10.2634449343043
1.5950424061662
0.619810332559096
2.73133810528199
1.60477629668728
0.533593510450073
0.764889839196282
1.20137603113974
2.11692465380127
0.497794631862913
0.775631032381056
1.8561667381944
0.206955647319678
4.11616551734866
5.4049153059693
0.758682753862085
2.58654360222537
0.438786361953577
4.49365262906994
2.14388661348332
0.391116683235484
1.18250548491471
2.17138576205072
0.467884544798241
0.00379236025115554
0.800274807694562
0.0775750439599406
0.842980500251142
3.80239517196919
15.2436923657497
1.11784786962331
3.64223460469938
2.81190390614238
1.21296980190686
6.15903670823052
2.24365414791569
0.760996417025438
1.52677783017001
6.71112392568344
1.48796339508881
0.148976174307798
3.70643283543651
3.32353839400812
1.07082263330519
1.88499524255006
0.707528083442296
3.41675054397938
0.706002611052165
7.27836074135749
1.30485922299164
1.59903999728398
0.7418490416576
2.32147139613769
2.26406029656515
2.26783194518999
1.24070025071041
4.39431401757037
6.37438134215764
1.5319234553757
2.05206890622325
2.69527259843532
0.385053179548907
0.0069076585453469
0.027868585146914
0.37867097828174
4.55835834199478
4.79389721834807
4.01663778482514
0.248783208149971
5.59640882987982
0.67597002075398
0.225423886097029
3.43057688190546
1.14875053933569
0.286754424999707
2.2741386561632
0.143058709139641
0.37440341452141
1.02483545703837
4.1237326755749
0.838773527762199
1.57425322898573
5.4139386692149
1.59344039500699
0.742249390534564
2.56981117913329
0.347602388764729
1.71777262851946
0.251627495123602
3.46124357743141
0.269848786471212
0.332546862017652
0.235301919038786
3.66228625442849
0.056888268747926
3.335834861987
3.90278607609562
0.411088462085412
2.23225037947672
1.10012654558285
1.37155751212681
4.32986165670359
2.49408132557906
2.73520365361451
4.85427236702786
2.06993372448356
2.4276597435505
5.48672744387295
11.1419818387019
0.474076707916807
0.286637766510244
0.168501889619753
0.429758231694878
1.74128839086069
0.847042787899443
3.42073200581271
1.22563177563247
0.310020212281709
0.356024692538137
2.16508306043052
1.4176661709525
8.40475657951191
0.586771130208396
1.60243832626367
4.06896268865804
1.78228066736786
2.0179036741712
0.441353314301785
2.28162817676051
1.17680462709384
0.843139472160852
2.40937115263462
7.08800822811597
0.31780775476164
0.402102884442784
0.194267830874399
11.0789753402464
5.71123595356879
0.538259284171808
0.569114839424789
0.879034147274559
0.622458781607669
3.84261087091269
2.1426135098727
3.53711920472453
1.3704175636745
0.0661417116217507
0.457717551258027
0.0954476954014109
1.10675732900512
0.255355527915911
2.52080421109239
2.30472212668811
2.7666982810697
0.127269784430817
0.0805266547554741
1.40437099788675
0.398817331216701
0.472879339744533
1.91729412945006
6.07805646766935
0.708246487277735
3.19569612019563
2.94612722674102
6.43660048797729
0.527504818015857
3.15830319847749
4.01506042669737
3.2710689793891
0.905340209444273
0.613177354974981
0.356899999811159
0.389245685952969
0.652665611681791
1.64894219531014
0.0649646818436228
2.28339695536451
3.10740807430506
7.04148486352957
1.91960883187821
3.83962277288816
0.820581950219037
1.0426769131296
0.123420492610001
0.514023936791712
7.75002930180422
1.42674851296452
0.0992577011670467
2.65190166228681
3.46570162755221
2.53467619585225
0.350240945221184
9.07912663625202
3.17666714558754
2.55472166211384
0.163609600443627
3.17602233828019
1.74815595276319
1.6535726661013
0.193571398608715
1.44456509543127
0.448471897594245
1.37306641031347
3.54772796550199
1.36745394820225
0.626416740649003
2.05903872392368
3.39364061371718
0.0495999800219511
0.374054878775725
0.85015650240754
3.6384091921379
1.16532340731814
0.122137440458057
0.743988896770523
0.116363665587082
4.52257134897932
0.203244675310906
0.436798650781037
4.29815328363313
7.13650532688131
0.144690208541214
1.5403424037836
8.41972224546845
0.760191787725019
1.44174240904354
0.313723982432194
0.93406047054048
7.46269939204367
0.436735352608523
0.589925402914616
1.33453084305403
0.117260845676683
0.504826720014642
1.28961183746503
1.65018910812845
2.4188402856243
1.2213094310794
2.77246429734118
2.91618425119243
3.23564723580863
1.53029547679606
1.56272932530207
1.09561206329324
0.288086855083722
0.641272425271109
0.0183543056734339
4.34970771865914
6.75621824865057
7.33369598008543
2.38263325840231
4.80653690272172
1.51149449660173
2.35355862177118
4.49793464298636
2.90299314531919
0.0943126321103886
2.4703876675251
6.40734260291267
0.187796568626296
0.501182101987385
3.67941420583897
0.120363828764047
2.97658719290312
2.14495273708345
1.32794110728144
2.71361696857735
2.68374704030932
0.422893582000581
5.61413813515968
0.858463908065443
4.63208392748535
0.487807234538011
0.149972390117913
0.0748489338536669
1.09179667357628
0.443353380534043
4.17503633391558
2.74494301628694
1.13672709845453
0.127238724716166
0.472571976134767
4.03084528138722
1.13119062433065
1.48334598308586
0.769616355856187
0.732282081206474
1.03976090120844
0.266339940911262
0.535305250226456
0.23942391957614
1.36507708872281
3.10171429126463
0.151996423583621
2.41463964330372
1.82425021987158
3.86429467270968
0.051328208985253
3.68354869141953
0.663618774672869
5.83636779455138
1.12315357689025
0.71689737867682
1.85009682252692
2.46790339752525
1.482689263943
2.21645655378118
0.397933540953046
0.848032532753273
0.369105875475103
3.30943664004576
0.775704725484237
0.244829109175948
1.66622202144583
0.744610217526762
7.94485785360406
0.254550206919215
0.437534903613807
0.25552032068453
1.39369023616827
3.40508269417633
5.27231407120372
0.210978514241112
0.363707391627513
0.610553347641891
9.18287359990543
1.3470104297875
0.39367228943963
1.76593193569238
0.959523535867872
0.200848620096701
2.40349294887621
0.30550530011292
0.329514471563113
1.84343208617425
0.465081445937967
2.00464845590291
0.759529641623496
2.98047063585683
0.0755132551086487
1.96054422552458
4.92886174175522
0.656919103591767
0.768740909490221
2.04504321579276
0.837162463664207
6.44954766456064
0.498185641141019
3.38162833330207
0.0743731249838462
1.6542185283831
0.730530854056079
0.664573551605565
1.03607964818965
0.209293767467287
0.888048635410299
1.71916862542434
6.90508816068734
0.645869531413196
0.0589869461060444
2.83094702736072
0.388238795279099
2.1818394760327
0.916353431024057
0.643439605238549
0.79221864812819
3.11617186773467
0.694940934909695
0.864538585946936
0.225339388663164
0.0821245118178354
0.216054521278125
0.82755464659805
6.61593933082909
0.312091278450583
1.1044588297087
3.09671489097488
0.825567760759303
0.335186589762169
5.34365909359709
1.51721936721817
4.8008861064181
0.757560213538806
0.440391081934588
3.79610573112968
2.73997902968172
0.0643851340413978
4.10303976040318
4.52225952324635
0.331298216820172
1.28271741289706
4.56983899470524
3.60890553017799
1.23889918195908
3.52167800278172
5.14139798984476
0.920686636986118
2.037381199009
0.283348081640581
0.293191400878863
0.499038048621286
0.0255242439540356
1.57719987388784
11.2340657135491
1.43382123919454
1.01446952090462
2.21060410034372
3.47519921227165
2.00163508981127
0.793059758890825
0.887826733921463
3.97796050015336
2.42673803511254
0.190386703833966
1.92597968376406
1.41131189839839
1.25603974010155
2.6961506844878
0.656660884694965
3.71853829269449
0.849991760532801
2.61934988829481
1.30590808357308
1.05857976709327
0.800245765209981
2.03097863362953
1.55518872696584
2.85928057202745
0.837024778886855
0.611981759883789
2.62730416351178
5.57081515473421
0.769308787612682
1.86825635398804
1.89397224695824
2.330362036545
8.00941219140642
1.6059550668616
0.298446417605801
0.317537003779208
0.447684228273429
0.330452777153074
2.62452426610085
2.09117289220587
3.99951527527361
0.577882686890582
0.0359203303752559
0.444548212926938
0.889576988716994
2.29173012565817
0.940746022293738
3.11167479502366
1.39294523122107
2.06096484010678
1.29272267274831
1.45941311143484
0.0398936454501964
0.395186093531976
0.234752205303786
12.6913325736087
0.129559655445744
2.55774728648774
1.30275548493538
4.9036844498284
3.89381042828586
0.471409908428966
1.92967053884864
1.3544804504561
2.12049980519445
7.65695075363424
6.07828802100583
0.0862040783234453
3.0086956941897
1.1084083868236
0.197251223478218
0.711437690117792
2.57409335732333
2.75247653463791
0.841837548744022
0.172508313325721
0.325541700227184
3.30901844216603
0.822654851880203
0.787518440769786
0.499518078552445
2.21222787249535
0.275087661305074
0.222897231907487
1.31027333421005
1.17153982433247
0.147740327751928
0.577305180565072
1.35861726084539
0.797821584957347
2.66910089936265
1.19027052058272
0.0468803033687939
1.24497470583414
2.84043712850138
1.05631636391103
1.00167424586968
0.537783456938033
0.403516045066612
15.9024873000794
4.23586049295164
4.60379250411706
3.40423740411519
0.249402172009258
1.60745275270105
1.13040053061064
0.880495410260998
3.98332989214626
1.19481810619494
0.0834274030441731
2.31499460347448
0.201070533932238
1.98115234553239
0.283011853934113
0.359048156280093
0.0413378553608729
2.96765308869868
0.0859521077850491
8.34342468765067
1.36767032019709
3.04830622688323
1.25991894355181
12.5565045212724
2.80774508365887
0.617502972624779
0.0697432280244519
1.40404272114744
0.151412670078652
0.556271864170706
1.64355804573896
0.192347606030639
0.74276821710581
2.62991342345555
4.35963203790239
0.457309531047387
2.45723154430383
17.5271024540637
0.371919596601645
1.08081326100015
1.51564623738542
2.82279302368633
0.224529627347118
3.19628679203417
0.478804508412962
3.03616477763567
0.567118398096326
2.42082588391288
0.194741302795118
1.06783569112588
1.05446762344514
1.97334674455068
1.28884131315323
0.595512697445852
2.38464827833727
1.83489914893534
0.803035359277683
6.15843195376759
0.450425380654464
3.88835551944581
0.22688076906896
2.65288949292325
1.68686285808991
0.709446605406202
1.9101018347667
4.14105868759875
1.21997647667237
5.22690015785674
4.58075885934143
1.48599763195449
1.89508111946419
0.775628459425761
6.6795247178911
0.789225797911946
2.87779331235801
1.4077342512816
4.44280158362352
0.0983080364605273
3.22565406178154
0.166170405965101
1.23593485275739
0.293596316561513
2.49874384368778
5.19503503879144
4.89588916183085
0.137067511174573
4.82104621417237
0.870899457553294
0.706676561579803
0.21802640362727
1.0906912802135
0.160051694196781
9.73150605836662
0.566592128517612
1.16917350669897
5.65152965172055
1.73520453802676
0.575146528932875
0.258869958107507
2.25758244883594
4.19381201704775
1.98638382414438
2.66303597852737
2.86500249190208
1.10999215335525
0.735840494746481
8.85234658095692
9.90581414886707
3.79183937392161
2.2374350260001
0.672190314960479
1.60605617899306
2.70717549523385
2.88365754308096
3.5879100820661
2.78560288474131
0.746031647190694
0.622166866507118
0.239152447270074
3.30879209011199
3.18283843776445
0.157071712624196
0.381510708180341
6.12471493227187
0.114034405641938
0.252355307539956
2.96932046933795
3.52558165850039
6.7178245484532
1.51393535812355
6.97766376885446
0.866006062181103
1.45880377522601
0.55198904972157
1.97345183543769
0.409229057377029
7.55112509173788
0.126433042075237
0.574325371497365
0.323060029715471
0.392324783736869
1.16998525813641
1.96248696286468
3.12737066656036
2.04208389506586
0.124230274363725
0.890888968752081
2.5817251010255
0.139999599871492
0.0744606058678505
0.390811059437269
4.00043640761379
2.19698374387564
0.383027485605111
2.75787544538293
1.28436110324629
4.93172484097717
0.0808060641986991
2.24295294242829
3.7505707783302
2.33349260945539
0.171706822970271
1.66481774540216
1.54993262765668
1.40125101416522
0.282597538943129
6.92717472767486
5.54900809844567
1.39101830282075
0.547955455364105
0.664552574961392
3.06448160526692
0.243896810069377
1.42400371185422
0.906822275823892
2.27508895757876
0.998512798590832
0.346348047915094
0.15012490006685
0.836893026141407
1.29909849423611
3.09501845531208
0.341325093310005
3.18667114614914
0.976904646484731
2.05000676129701
1.49173996328014
1.35890433803624
1.09164951381991
4.10712607011393
0.843356512903226
0.375882956451446
3.91235446039065
1.29456666118909
1.12058709390431
5.01396815205552
2.00479522540012
1.05739591007676
3.18117433796164
2.23912298692425
1.66036581000778
1.19431385730176
0.598358925369822
1.21690197653182
1.68940498977286
2.46497612818253
10.9639153594424
1.41469598863278
0.225137013407101
2.34738726900069
0.481215224512883
0.850662297516766
1.82972794597944
0.974418912997856
0.664817408032945
0.0278665729486291
1.15033523325786
0.00196216180985704
4.09032328112346
3.14378598572088
0.414878119033272
1.4840847712095
2.97006416496521
2.79280190771902
0.0124831637731475
0.0392465491448014
0.653388161689752
0.284771787904756
0.891488156067297
0.62303194785671
0.0918839420174624
2.82269251433268
2.42201858836608
1.30066296060842
0.480059332205373
3.72596899325411
1.25118512837429
0.311711477175086
1.90771057280185
3.83539000685616
2.28303839002962
3.77453923639041
1.31703747998952
1.55085899393979
0.694286589350517
3.62049760320289
0.494640447666614
0.150243750443192
2.29097954253682
0.190173381219355
2.78999101614973
2.84285550543644
2.67530611692538
1.86168721882689
2.09340257446041
6.24064154236387
0.359935249866678
4.88276388482711
0.106282117756117
1.14451905378398
4.13785354444288
1.09851833900478
7.09069395541623
0.490872018223984
2.29596359488812
0.510387730786599
2.32009918748367
1.04784566340813
1.17008296034325
2.17606050924519
1.33448577710978
6.11455080840297
1.16098395753948
2.76469196578663
0.861806557721062
0.0735850422267079
0.266012598947083
2.07985307539364
3.86641943956181
1.97282293645023
0.801437806778365
0.260101935218524
2.35402140483442
1.23226245532958
1.48536940784275
1.18773138401187
2.62097878408262
7.0752788995804
0.143115636345418
0.344452102299142
1.56856922139062
4.59190073359802
1.00755607216952
0.0796995127540143
1.73401191021252
0.284022610003837
3.91155745082617
0.277206095617047
3.65568159681584
0.494892811886126
4.59152566328667
1.93625452358515
2.03293133621889
0.331933649602795
0.54481629626792
2.1567893680912
7.21995839194716
0.167107002237041
11.2608631447896
0.480517818908072
2.53503646072158
0.751220597534327
4.56034911959629
0.844145249711174
0.0267284031348287
1.04593586050324
0.652651340787687
11.0013936355237
2.11429270202552
0.0714346185656381
1.29146190838316
1.41947800131211
0.556826827255023
0.39370266093958
2.80648387208877
2.53809120173435
0.383144920987811
2.1774504820561
2.83241158069499
0.367685830143982
0.556614913133504
0.0305820055628358
2.58652101931896
2.52618846049667
1.12285675011704
1.80022828309725
5.39789292221148
4.07140188758809
0.165157264265262
3.52929529269571
1.51125949952795
1.78073355231467
2.47111432989686
0.953717352666388
2.59863725144321
0.765706293399224
2.67158182585939
6.39919444468317
0.887164951431974
0.814788423641427
17.4106370159267
0.14180049926354
0.205603041947867
2.53178262241582
0.34170332919388
1.56854110180212
1.0928018441493
17.6683631728657
0.587772325684188
3.06758818363055
0.0813465825009534
1.06564694884028
1.87671964834784
3.39163926728438
0.345967294298634
0.507171850942823
1.33536494535498
7.52221409829627
0.993983393515077
0.606402349422921
2.05776281819847
0.442167388860716
1.01708943516717
12.7665991085953
0.808277784939806
0.418345466894068
0.765396446609934
3.77494766637213
0.96965519759233
1.72685343803481
0.311276330666759
6.27174273034142
0.64927773136915
6.14370608036403
0.848210146557856
1.61990474668066
1.0098299409885
2.92185073898056
2.5018469417573
2.70432997051706
1.57866631289761
2.00807129164054
6.43628326442012
15.3018276237317
0.514834567504965
2.70840165150437
3.42613680815997
2.07997509511295
0.454329472044106
6.33650021938247
11.4788706710906
2.11116116748192
0.103591711088609
2.92002845901156
0.679146920667536
2.25584174217932
0.976708127316698
2.67032932807037
0.836718038363592
0.270210153258109
0.536176285137185
1.5364227938109
4.18828757619277
3.14222155513552
4.08536977989007
0.112749415899478
1.0981771984011
5.8121294232856
0.375310747043249
5.83876485013243
1.43408257565462
1.61485352911087
0.844341238226918
0.323632451032107
0.0720267931622902
9.85594334477436
2.47039321669001
1.81456450869309
0.837100893641009
0.418754021484028
2.06987641300855
0.205278532543954
2.64255893434172
2.03939301512898
1.10361397997863
2.45561119815455
2.04749327561571
4.32070684254476
3.75001660140718
3.64109393760844
5.92772514943631
1.69435134345852
0.326859107987272
2.98969675163923
1.54478138159511
1.40829091378558
0.447633286952285
0.73917793848433
1.16976127278443
2.20272713213021
0.26595932873219
9.6482711249359
0.681831154115299
1.37820935693163
2.91894391727931
0.352136200624251
1.81303028155887
7.69176498990803
2.25537054929481
1.0107085110419
2.76738915868653
0.103446706553651
2.03230423027076
4.18832704052629
1.30984043928411
0.314361608071172
1.92479731629532
0.953057234547021
0.725924942044155
1.76079518754325
2.06550156999963
3.00588172611483
3.65766760858926
0.835324558661339
2.41115309470222
1.66202289120923
3.48158852966366
4.53109875779494
2.39146524843564
1.07685050999607
3.88873111242472
0.786602547779279
2.50983279257121
1.17732831209763
0.057326476229434
1.94368888479183
2.43515904270946
1.08118615326146
0.929985665209758
1.50945123453372
0.206802139802621
1.13125236930147
1.44543894513219
9.22161545821628
2.0839469901582
2.8769501324809
3.11380691570496
1.57943998107832
0.0238511407414893
2.46832457248009
1.58764428512207
0.613591762932162
4.24736502116575
6.13533543198249
0.291917022964171
0.0885960840784869
2.12842338990716
1.81003909716241
5.32466243329338
0.347024571440627
0.172131406819003
2.79674597484679
4.8641887863803
8.86820687753443
0.526331606879968
0.265026261189586
0.892678385888929
2.40884993103467
2.231844287695
0.949555561112695
0.218558514051652
1.14095535120579
0.319226961460194
0.889748598529844
1.93289366201811
0.23938690319754
2.48744238035855
0.830399486205177
2.40023835798485
5.23554771176983
0.737607157073508
0.726055668579038
5.25774299286187
1.36065522099862
0.0854551166627688
2.74930834591948
0.186952636183845
4.02333419802102
2.35395406584411
4.37823692580669
0.237744698877342
1.37059385616598
4.21101689298963
0.28260356685489
1.07556863676142
7.14381576955529
1.36951529846017
2.23401449726696
6.06217567964683
2.22652367677804
0.00321383204664431
4.10615301811907
4.22905359531335
1.14508990236225
9.67496562096644
3.31426942107617
2.27935917712825
0.582197421239344
0.999669824871448
0.268141747297407
0.820036326495069
0.0179840689822453
1.3900628366943
4.74999378353777
1.94744526782195
0.458830532483607
2.38346998489002
1.85005856443968
1.30096008228795
0.38453453195072
4.91539040368998
1.61032874804618
11.2768395385585
0.143815970649747
0.626654968905469
3.251676537836
1.75019700047422
2.50840357674145
5.71061305371409
9.13751071866307
5.92100527430437
0.247690757908294
1.26935042878223
0.534402629364523
2.61292964296627
0.068212811323365
0.857562087299757
4.98989115544806
0.674836726765279
2.78895237290446
9.21185892810218
0.544238244469115
2.59656512848276
4.84413542127061
0.631268234784507
4.01886307657531
0.531592949209969
0.739397392399035
0.578364466247547
9.92705063221795
6.61784874010639
3.13933986255043
0.91883284856135
3.1054224679188
2.8793372146801
6.19867426112147
0.0431918660549918
0.379901215135809
3.81542178975475
5.2008416983767
4.53423525163296
0.945275071023909
0.598692074528151
1.04447450038844
2.53455554574021
0.944446093732946
3.09461740399057
3.55256786959613
1.58646529037392
2.27215385095672
0.8599094923485
1.66006791765049
1.48418530169333
2.35394815568743
1.23872763715229
0.0549289293274511
3.21461641657743
0.574899322360905
2.14519411970918
3.68898213025608
2.33749667179551
2.47470897603984
0.422931336250437
4.95495464969842
1.09767781629678
1.62701184144361
2.76795926619692
0.482458172285697
3.61011009704298
0.0657698015147468
0.592337239371929
3.46288108213654
5.03660420141584
2.8705607194162
4.32636159728005
1.4409576332259
3.24767019128009
7.0791176149239
1.04727004860703
4.21599852179212
0.376359143045292
0.246173138903361
3.88078313670581
0.420695947649981
0.218377718219772
1.70098573357475
1.29845793293933
0.770102247436492
2.98840456696744
4.99380458712371
1.52400558995997
0.8438263847846
2.1607235917046
3.84957428211873
4.9032347988049
1.43942902530892
0.758951507568566
0.997365699890373
1.45591206485823
2.31053536413916
0.297449334786855
1.58724493449675
0.51960423117455
1.66907635520086
0.675869148669845
2.33865991952167
0.162779928450278
0.774703475845075
0.0625509321835723
0.249782860429119
8.1040803489212
1.12080065998326
0.561821914367585
2.8445755224131
1.51073340382946
0.222122891970991
4.25554298620635
1.09172382857254
0.948507510843001
1.28646375298482
0.234245943016824
0.375253999516404
0.539770929708182
0.625349309292777
0.883354839727692
0.809161727398642
1.96570905858402
3.23519411646782
0.270114208815998
2.49029453603677
1.684048798691
3.02011063381937
0.245309990641916
0.583545136533233
0.471494122527787
4.50776189195986
0.698820589286206
1.31428711315734
17.0560829564303
1.79497934429083
0.727180183777978
9.07470352125682
0.0193089417769143
0.428848008336468
4.06073389228184
0.578793760631892
4.81984302272696
2.75010231693739
0.272057017604885
0.514859143571178
0.830210043476793
1.14740857268444
1.47725110311029
10.3747582932906
0.328778932163787
2.94418005712888
0.914664592543783
0.173278507465665
0.742840910005097
0.515099360444977
2.17469826535932
0.594394552400236
3.35181058485411
6.1893610875413
1.35592558939963
0.152569151494928
0.428089897252689
1.89634946670317
5.57358140050701
12.7754985677293
8.20346367037862
0.536781274132731
13.7704808748899
5.08871257946209
5.46212777334256
2.11955403076338
1.28985382746874
0.277541001474416
3.4361890569611
0.0316579533565163
1.90414083890614
2.66182231082621
0.237059454016267
4.09845800792532
1.54821911150996
2.25163268040431
3.15199248967017
3.44670171130116
0.558753893756017
4.59648093565304
11.022038721705
0.0652835786343362
0.23330954771298
0.246018835889228
0.233942885605702
0.513352462901863
2.39854677165341
2.43898895224977
0.838420233880012
0.487272126946332
0.903157334572693
1.49970087899438
0.396633721213496
0.552258569931608
0.000159829869107735
0.330229002287358
0.675917541202304
0.0223919997213731
0.301968059768248
1.17515324254508
1.76735182120427
2.26953093231335
3.69446145138771
0.711736083294338
3.47394616711853
3.42085820112829
0.284755645599683
0.0148685105591708
2.48296187735857
1.3861195333723
0.508906517633047
5.67143110904954
2.26985501803567
0.0249727912181793
1.01759985510201
5.28500942019538
0.552185156221374
0.154112972519231
0.191224340065016
4.81984777132947
1.62567962119154
4.62526428240313
1.27137268789736
0.0558738517684495
0.686739821611518
0.720684316656303
0.39016035935018
4.61405743177625
3.39115073788614
0.899862206899762
1.89831155587554
1.43395284120815
10.097847814201
2.62401370079659
0.612925653565864
1.92417031615088
0.686814891123931
1.05098664074665
2.57029312383375
1.88141263730604
5.54998461442178
12.8047605957403
3.83792870439577
0.0937799666530103
7.27732562967225
0.128226112470697
0.691829771483906
1.83024231214088
4.26840282982834
2.03835989071035
0.634857062085742
0.260477123332078
1.7549810053995
0.128900460489802
0.523165036624511
0.123236514351813
3.96873646286538
1.41687447552411
1.50452248642555
1.0252035801966
0.491662534899284
1.67619406518033
1.41584818483921
1.35849727819934
0.931019346988526
21.9985824158723
7.35262713867356
2.4961863926305
1.13891829713749
0.986750973936257
0.719160705621369
2.15755513060493
1.64382112149291
2.60216079775809
0.566845758205672
0.360372485965443
2.69332083482957
2.98354025234195
3.17439597609935
0.317737854469965
5.55638906284924
0.0351234774542265
1.02348302845423
4.42120478816302
2.32455286802002
3.38695507735372
0.213582270888171
2.33231454973542
0.772604981166255
1.30511266847171
0.67958806553933
4.11518634571146
0.925291062297418
0.560388706188758
0.626738071843258
0.329028012901616
1.50463753275096
4.39603226448856
0.270206054197306
0.738963802150269
4.32265864032646
1.20916874159984
0.604855128755688
2.13317849917948
1.95396302705619
1.16389645818
2.21906901324097
0.626673385119809
0.656094826995054
2.24393615856063
1.37005597872215
0.758725316454371
1.5323042645838
2.37323179251476
6.42597878693507
0.244946831425548
3.26592248932605
2.66074231080351
0.313599241301184
0.524654343458638
2.23298912663946
4.88073944935241
3.04265040773865
3.08170715506016
1.12709484343127
10.5279911063572
8.05937505152924
2.00011161914065
0.558277896977747
0.983689154031877
2.04554536360049
2.18236588601273
0.331847972326948
2.78440903148233
0.508876831542239
0.332818593498574
0.000341533782863534
0.0833320103271734
0.652168051264436
4.62423750707456
3.17449969125133
0.839167358313162
0.018233071521904
3.17857989246246
3.62585706471301
6.41884604362878
0.34974420283154
1.91649390571346
0.459090355004214
2.5111907251758
0.55155245165296
1.22277664447812
4.75772625098613
0.369704192579512
0.622175945889667
3.07938879890428
1.38292490212475
4.50091278967481
3.08078619717571
0.0803889133802217
0.104983764519174
3.03174616678102
3.12652385798512
0.926896664033452
0.370735919440833
8.36394112094545
6.89623763979464
1.7902338424178
1.46520330428404
1.69446096712905
2.63174386955105
1.77470869733355
1.37501032733679
0.417549571131229
2.5294539110157
0.432006179591979
0.687091762211852
2.3299917931705
2.93455669274955
0.325363084522821
1.11695711389292
7.06525338940575
0.0101673836386149
0.113660296282487
0.0693913209955213
1.68557604454408
1.97504691357594
0.0183796728175898
0.152175748404352
0.717599674147825
4.49564115511764
0.321406585537162
3.93356851148973
0.0402289066454329
0.324568185101645
7.23228881294875
9.647350900697
3.65665615613032
3.83978248117596
2.16120315821398
0.0178320263001168
4.56176199184988
1.422826967778
3.23791611062339
1.18409036342699
0.69047614121335
2.29878006826183
2.47344183779441
0.413274211949628
1.47019213592517
0.290704388541265
0.411828159033201
0.377251791030664
1.8394002888067
5.23040847269433
2.38910846570437
0.250428047165318
1.25337615700495
1.35218013282454
1.05014741780159
2.17674439499783
2.03449448407587
0.0925346838207707
1.90602981665926
1.66639950048745
0.315809657978997
0.605995091521621
1.70311251593398
10.0473298817045
0.211278191332956
1.84931527205113
1.06264934328156
2.72765682729803
12.2180642985072
0.618721602449002
0.466699773985356
0.812295247524511
0.217498933944416
0.363243040712629
0.899313286542191
5.57144303786794
1.76370353616124
1.11650360990295
0.624049465419827
0.574214247047337
0.997352449168803
0.522854847041764
0.0215582544457202
1.9036912557335
0.561224568894189
0.0175953211232072
0.82996053659485
3.12991039048499
0.143685377029169
0.51530168615903
1.71134262214391
1.43910856320099
0.647094858474079
2.53039230747514
4.28115780430276
2.11227125941053
2.32096632270182
0.449295295976278
0.941359997045878
1.10602763047067
2.62513466813351
3.49120876613941
1.2578426388277
3.94981704651143
3.113186456066
0.850718282088339
1.31675648027148
0.715873653582212
4.39181566128731
0.767306832265417
3.10771682004416
0.260511476760898
2.63687257660796
0.86900455243128
1.8953522455139
1.36660531245558
1.27901395862798
4.69099868319668
2.22675690260206
3.59722874695765
1.10358697108826
0.174033850001668
2.9548269996345
0.669218012088854
2.19452594969008
2.58289155976841
4.73618278328407
0.195564919840252
0.338644976472896
1.11109007059605
3.32915419024009
0.0457106868349562
0.318234723664453
6.32205239583417
0.010971847527275
1.59417277449917
5.32177706512717
0.245597829709802
0.343709131423263
5.88018671424318
0.951198720253504
2.51367675190471
0.83154387380033
0.970550019976724
2.08284706395305
9.08580536596493
3.1045733021121
0.607626767859229
0.948375669254151
2.58132417330221
1.70228796844723
0.470968771046781
5.30969366658644
0.746112390242972
1.75490174101469
3.70415664337428
1.16120266307796
0.69988530370728
1.6721729013358
3.55654247530873
0.240465328752218
6.20323558814648
5.1066695257582
2.48592939435705
0.281428475015275
0.918180187990507
2.14428921676101
1.78451680511896
0.782867050361879
2.38934147535111
5.06669725132407
0.124224490563433
0.717081233879841
1.08678609314312
0.997992244919817
0.190720024373779
0.278471037753592
0.0577068536513898
2.59196140624521
1.79347406085971
2.21284840147376
3.94314112796772
2.81677643296121
4.66457102830363
3.16330584901622
0.124665520998092
0.655340789504924
2.65555960901142
4.35480618727533
2.50469714866751
9.08951395927057
5.70755643242771
4.90596112069441
2.31153176207191
8.7982164586518
1.6245444400252
1.62396383886259
1.40475735399196
1.55062228422407
0.658744768706751
0.77107616584841
0.513035702629508
2.3384667202232
4.72033676155533
0.282635612910503
0.557233806950695
10.0447272604256
1.66661678777071
2.4741366591205
0.109394367499576
6.67882688032927
2.24358095390181
2.07789065928109
1.24283224541153
2.11312562461736
0.313505015877015
1.17106285265979
2.385105576732
13.3652885117031
1.38249174205136
0.345976386152754
0.553670807172031
0.673705805699671
5.67021594294789
2.00384511918755
0.121119936067414
4.68928514950266
1.97645925668091
0.168909847243835
1.41389640722502
2.22445529957612
0.239864506275514
0.659477731878593
3.44668939212979
1.15967332351282
0.178194748337486
1.81829276476751
0.0708551600091451
0.295598573265967
0.907523528685429
2.34312131603822
0.243960286529301
1.61933410487775
1.33051415065657
0.150741891830444
1.27446500520007
3.65378615294964
13.2280487965814
2.35743361119418
2.72280928275745
0.978863976118394
7.36766552962955
3.07300942726655
3.69948954582982
2.35484504087636
0.209362925804037
3.76324925717794
0.412765206517797
1.21967677292995
7.25451327424879
0.627295789853514
1.14605161586594
11.2978224472738
0.771961041216845
0.0763013424676959
1.05522383002199
1.29569951189645
2.25285605376981
5.30987815265674
6.67416697134166
5.10722799917116
0.197764720977606
0.980011950258363
1.50054568548243
1.35008624496791
0.457083256153819
4.37563103652523
1.49058735345826
4.30643433149454
1.80225777381252
1.39299192909465
7.68901579964982
1.8897254321029
4.01626663954846
1.31948433700732
2.02174458853248
0.307641516058261
3.72870059577099
4.34437870829653
1.09514255237434
1.03653861902962
2.02964136266804
2.05815953312779
1.14630783145857
0.0811463726730998
0.492576842736727
1.71726526982226
5.99693270976316
1.50953907573193
0.268170330248531
0.276744522081243
0.889358724106378
0.452392378299883
3.22683115276596
4.17281095070081
0.0475256642397068
1.69894089349939
1.22519091324165
2.62834438893258
0.948586537963585
2.18357283310797
1.319957596674
0.264240238685626
2.03540778993832
2.04453044179665
2.83084700681081
0.198760531965477
0.46148390797086
1.1807035114376
0.626422165943675
0.11192412958626
1.1227570698023
5.32272854766638
1.35993817682253
0.599608647454734
0.0447723367087154
1.57088417305289
1.71534189043247
0.228541905168829
1.12183369137691
1.3829799474458
3.99438134515004
2.73650775678496
4.95736386550419
1.52835381592919
1.22975329774042
0.291532847355293
4.15777841168115
9.41195680418136
5.46480604498705
3.80283622870173
1.16791011292176
0.727233657113686
7.27073800393269
1.34263271332296
1.24044890661761
1.22824437972487
0.470436116017119
0.866444915789356
3.03436308294007
1.06998261768091
5.82732496236073
1.24580121397799
0.94396445909401
2.34695429029299
0.736384468236545
2.62334137138669
4.24821818064654
3.00103177042245
0.0522642486378046
7.1959861741503
3.8877243424057
3.09485344972883
0.509984186418709
2.59999612345912
1.22764507664938
1.52064932906785
2.30675188161232
1.60643897487928
3.54247686205019
3.85173316451558
0.0291408901883668
1.17761758899456
6.52758698586433
0.640967135314483
0.0868810589526264
0.390911875900304
2.420361028598
0.206130525446887
1.8976809549497
0.0534883932786912
1.19859833506185
2.41911111975738
1.62765826344265
0.650478467999412
6.58317850887001
1.78327413552562
1.43443926725056
0.249914866466837
1.50294008385807
0.946997219116517
2.63967444449913
0.454692777244898
2.25187068833161
0.19140268548888
0.841163111558715
9.69493171695919
2.99971222798004
3.75949359048956
6.67011375923702
3.49001134918785
0.0196738151379018
1.74734327918732
5.32025442002857
0.925552134026908
0.118262098879576
0.347304460243876
3.63314036554096
1.89220780613504
2.50184108439593
1.58962022680394
0.243394539430362
1.84613438507
2.93650686148859
2.37879969029427
3.37009385731809
1.6326842107818
0.370596108449821
7.68061903199886
5.64718336327658
6.36617261284231
18.6052892367438
2.57184333664861
0.54164729562991
0.967034892963828
0.714585649634437
1.60010919654387
1.72233902067816
0.0958259864544214
1.0134677293222
0.682451107897297
1.09533107274171
0.400562037490215
0.0534590838822491
3.8986403802138
1.23948620230259
1.47108078604854
0.628052984637611
5.91311262992644
2.62944037115718
1.41751742366822
0.759096685262165
1.79940789318481
0.44419892345176
2.65488752855371
11.6555764861201
0.967165316226328
2.62897566625866
0.500295901999384
5.40499507353155
3.4131958570775
0.503964716553789
1.73427179117366
4.02796235973929
0.225635719081558
0.152168535666407
5.95210953924256
5.5458963784742
3.33648770590639
1.61164152618759
0.261850064835559
1.04730435997705
0.569697603505992
0.0766641439945685
0.0565525280970585
0.398009204777689
1.81848799463877
0.567223812158677
1.1756141991196
1.1388659754147
0.0567739539748842
4.59794897509619
0.922095217601271
2.63231615896177
2.86732915906354
0.543801897035557
0.0997204945545373
1.75772728891262
0.513220336231216
0.859399985749151
1.49950052626415
1.9978776988023
1.20240456589681
2.81523549594198
0.202402339636262
0.952516801279167
0.811274904201
1.20260598625258
0.312617553385414
2.45648066542659
0.750185567120402
0.960656223766035
1.04892203082913
0.39008617678766
1.61959041141897
2.06629574057278
3.71995266968813
1.23885760153488
1.85101286611821
2.4336415644027
0.791054909770486
2.14116235522349
1.67965506055657
3.93798173888943
0.545830397753848
1.72038257987726
0.261003781991047
0.56487320366504
